[gd_scene load_steps=11 format=3 uid="uid://bguts0qdvbe7n"]

[ext_resource type="ArrayOccluder3D" uid="uid://bucr66xlw0upl" path="res://levels/world/world.occ" id="1_beeae"]
[ext_resource type="Texture2D" uid="uid://660jcc1vju43" path="res://textures/brick_pavement_0108_02_s.jpg" id="1_jq6xl"]
[ext_resource type="Texture2D" uid="uid://bybrpbyf1euit" path="res://textures/NormalMap (3).png" id="2_wx2m5"]
[ext_resource type="PackedScene" uid="uid://bfhxpq55lmdom" path="res://placeholders/MeshWall.tscn" id="3_l1uqq"]
[ext_resource type="PackedScene" uid="uid://bet3idvc4fg0n" path="res://placeholders/PlayerStart.tscn" id="5_hst73"]

[sub_resource type="Sky" id="Sky_fi2v8"]

[sub_resource type="Environment" id="Environment_a5cuu"]
sky = SubResource("Sky_fi2v8")
tonemap_mode = 3
ssr_enabled = true
ssao_enabled = true
ssil_enabled = true
sdfgi_enabled = true
sdfgi_use_occlusion = true
glow_enabled = true
fog_enabled = true
fog_density = 0.003
volumetric_fog_enabled = true
volumetric_fog_density = 0.0278

[sub_resource type="StandardMaterial3D" id="StandardMaterial3D_rjm57"]
albedo_texture = ExtResource("1_jq6xl")
metallic = 0.51
metallic_specular = 0.55
roughness = 0.33
normal_enabled = true
normal_scale = 0.42
normal_texture = ExtResource("2_wx2m5")
uv1_triplanar = true

[sub_resource type="PlaneMesh" id="PlaneMesh_ey47l"]
material = SubResource("StandardMaterial3D_rjm57")
size = Vector2(30, 30)
subdivide_width = 5
subdivide_depth = 5

[sub_resource type="ConcavePolygonShape3D" id="ConcavePolygonShape3D_pm4pd"]
data = PackedVector3Array(15, 0, 15, 10, 0, 15, 15, 0, 10, 10, 0, 15, 10, 0, 10, 15, 0, 10, 10, 0, 15, 5, 0, 15, 10, 0, 10, 5, 0, 15, 5, 0, 10, 10, 0, 10, 5, 0, 15, 0, 0, 15, 5, 0, 10, 0, 0, 15, 0, 0, 10, 5, 0, 10, 0, 0, 15, -5, 0, 15, 0, 0, 10, -5, 0, 15, -5, 0, 10, 0, 0, 10, -5, 0, 15, -10, 0, 15, -5, 0, 10, -10, 0, 15, -10, 0, 10, -5, 0, 10, -10, 0, 15, -15, 0, 15, -10, 0, 10, -15, 0, 15, -15, 0, 10, -10, 0, 10, 15, 0, 10, 10, 0, 10, 15, 0, 5, 10, 0, 10, 10, 0, 5, 15, 0, 5, 10, 0, 10, 5, 0, 10, 10, 0, 5, 5, 0, 10, 5, 0, 5, 10, 0, 5, 5, 0, 10, 0, 0, 10, 5, 0, 5, 0, 0, 10, 0, 0, 5, 5, 0, 5, 0, 0, 10, -5, 0, 10, 0, 0, 5, -5, 0, 10, -5, 0, 5, 0, 0, 5, -5, 0, 10, -10, 0, 10, -5, 0, 5, -10, 0, 10, -10, 0, 5, -5, 0, 5, -10, 0, 10, -15, 0, 10, -10, 0, 5, -15, 0, 10, -15, 0, 5, -10, 0, 5, 15, 0, 5, 10, 0, 5, 15, 0, 0, 10, 0, 5, 10, 0, 0, 15, 0, 0, 10, 0, 5, 5, 0, 5, 10, 0, 0, 5, 0, 5, 5, 0, 0, 10, 0, 0, 5, 0, 5, 0, 0, 5, 5, 0, 0, 0, 0, 5, 0, 0, 0, 5, 0, 0, 0, 0, 5, -5, 0, 5, 0, 0, 0, -5, 0, 5, -5, 0, 0, 0, 0, 0, -5, 0, 5, -10, 0, 5, -5, 0, 0, -10, 0, 5, -10, 0, 0, -5, 0, 0, -10, 0, 5, -15, 0, 5, -10, 0, 0, -15, 0, 5, -15, 0, 0, -10, 0, 0, 15, 0, 0, 10, 0, 0, 15, 0, -5, 10, 0, 0, 10, 0, -5, 15, 0, -5, 10, 0, 0, 5, 0, 0, 10, 0, -5, 5, 0, 0, 5, 0, -5, 10, 0, -5, 5, 0, 0, 0, 0, 0, 5, 0, -5, 0, 0, 0, 0, 0, -5, 5, 0, -5, 0, 0, 0, -5, 0, 0, 0, 0, -5, -5, 0, 0, -5, 0, -5, 0, 0, -5, -5, 0, 0, -10, 0, 0, -5, 0, -5, -10, 0, 0, -10, 0, -5, -5, 0, -5, -10, 0, 0, -15, 0, 0, -10, 0, -5, -15, 0, 0, -15, 0, -5, -10, 0, -5, 15, 0, -5, 10, 0, -5, 15, 0, -10, 10, 0, -5, 10, 0, -10, 15, 0, -10, 10, 0, -5, 5, 0, -5, 10, 0, -10, 5, 0, -5, 5, 0, -10, 10, 0, -10, 5, 0, -5, 0, 0, -5, 5, 0, -10, 0, 0, -5, 0, 0, -10, 5, 0, -10, 0, 0, -5, -5, 0, -5, 0, 0, -10, -5, 0, -5, -5, 0, -10, 0, 0, -10, -5, 0, -5, -10, 0, -5, -5, 0, -10, -10, 0, -5, -10, 0, -10, -5, 0, -10, -10, 0, -5, -15, 0, -5, -10, 0, -10, -15, 0, -5, -15, 0, -10, -10, 0, -10, 15, 0, -10, 10, 0, -10, 15, 0, -15, 10, 0, -10, 10, 0, -15, 15, 0, -15, 10, 0, -10, 5, 0, -10, 10, 0, -15, 5, 0, -10, 5, 0, -15, 10, 0, -15, 5, 0, -10, 0, 0, -10, 5, 0, -15, 0, 0, -10, 0, 0, -15, 5, 0, -15, 0, 0, -10, -5, 0, -10, 0, 0, -15, -5, 0, -10, -5, 0, -15, 0, 0, -15, -5, 0, -10, -10, 0, -10, -5, 0, -15, -10, 0, -10, -10, 0, -15, -5, 0, -15, -10, 0, -10, -15, 0, -10, -10, 0, -15, -15, 0, -10, -15, 0, -15, -10, 0, -15)

[node name="worldlevel" type="Node3D"]

[node name="worldlevel_occluderculling" type="OccluderInstance3D" parent="."]
transform = Transform3D(1, 0, 0, 0, 1, 0, 0, 0, 1, 4.89176, 0, 0)
visible = false
occluder = ExtResource("1_beeae")

[node name="WorldEnvironment" type="WorldEnvironment" parent="."]
environment = SubResource("Environment_a5cuu")

[node name="DirectionalLight3d" type="DirectionalLight3D" parent="."]
transform = Transform3D(-0.495391, 0.764036, -0.413324, 0.381119, 0.618739, 0.686958, 0.7806, 0.182787, -0.597706, 0, 1.24887, -0.5)
shadow_enabled = true

[node name="LevelGeometry" type="Node3D" parent="."]

[node name="MeshFloor" type="MeshInstance3D" parent="LevelGeometry"]
mesh = SubResource("PlaneMesh_ey47l")

[node name="StaticBody3d" type="StaticBody3D" parent="LevelGeometry/MeshFloor"]

[node name="CollisionShape3d" type="CollisionShape3D" parent="LevelGeometry/MeshFloor/StaticBody3d"]
shape = SubResource("ConcavePolygonShape3D_pm4pd")

[node name="MeshWall" parent="LevelGeometry" instance=ExtResource("3_l1uqq")]
transform = Transform3D(1, 0, 0, 0, 1, 0, 0, 0, 1, -2, 0.5, -2.5)

[node name="MeshWall7" parent="LevelGeometry" instance=ExtResource("3_l1uqq")]
transform = Transform3D(1, 0, 0, 0, 1, 0, 0, 0, 1, -2, 0.5, -1.5)

[node name="MeshWall9" parent="LevelGeometry" instance=ExtResource("3_l1uqq")]
transform = Transform3D(1, 0, 0, 0, 1, 0, 0, 0, 1, -2, 1.5, -1.5)

[node name="MeshWall8" parent="LevelGeometry" instance=ExtResource("3_l1uqq")]
transform = Transform3D(1, 0, 0, 0, 1, 0, 0, 0, 1, -2, 0.5, -0.5)

[node name="MeshWall10" parent="LevelGeometry" instance=ExtResource("3_l1uqq")]
transform = Transform3D(1, 0, 0, 0, 1, 0, 0, 0, 1, -4.5, 0.5, 4.5)

[node name="MeshWall11" parent="LevelGeometry" instance=ExtResource("3_l1uqq")]
transform = Transform3D(1, 0, 0, 0, 1, 0, 0, 0, 1, -4.5, 0.5, 3.5)

[node name="MeshWall12" parent="LevelGeometry" instance=ExtResource("3_l1uqq")]
transform = Transform3D(1, 0, 0, 0, 1, 0, 0, 0, 1, -4.5, 0.5, 2.5)

[node name="MeshWall13" parent="LevelGeometry" instance=ExtResource("3_l1uqq")]
transform = Transform3D(1, 0, 0, 0, 1, 0, 0, 0, 1, -4.5, 1.5, 4.5)

[node name="MeshWall26" parent="LevelGeometry" instance=ExtResource("3_l1uqq")]
transform = Transform3D(1, 0, 0, 0, 1, 0, 0, 0, 1, -4.5, 0.5, 6.5)

[node name="MeshWall27" parent="LevelGeometry" instance=ExtResource("3_l1uqq")]
transform = Transform3D(1, 0, 0, 0, 1, 0, 0, 0, 1, -4.5, 1.5, 6.5)

[node name="MeshWall28" parent="LevelGeometry" instance=ExtResource("3_l1uqq")]
transform = Transform3D(1, 0, 0, 0, 1, 0, 0, 0, 1, -4.5, 0.5, 7.5)

[node name="MeshWall29" parent="LevelGeometry" instance=ExtResource("3_l1uqq")]
transform = Transform3D(1, 0, 0, 0, 1, 0, 0, 0, 1, -4.5, 1.5, 7.5)

[node name="MeshWall31" parent="LevelGeometry" instance=ExtResource("3_l1uqq")]
transform = Transform3D(1, 0, 0, 0, 1, 0, 0, 0, 1, -3.5, 2, 7.5)

[node name="MeshWall32" parent="LevelGeometry" instance=ExtResource("3_l1uqq")]
transform = Transform3D(1, 0, 0, 0, 1, 0, 0, 0, 1, -2.5, 0.5, 7.5)

[node name="MeshWall33" parent="LevelGeometry" instance=ExtResource("3_l1uqq")]
transform = Transform3D(1, 0, 0, 0, 1, 0, 0, 0, 1, -2.5, 1.5, 7.5)

[node name="MeshWall35" parent="LevelGeometry" instance=ExtResource("3_l1uqq")]
transform = Transform3D(1, 0, 0, 0, 1, 0, 0, 0, 1, -1.5, 1.5, 7.5)

[node name="MeshWall36" parent="LevelGeometry" instance=ExtResource("3_l1uqq")]
transform = Transform3D(1, 0, 0, 0, 1, 0, 0, 0, 1, -0.5, 0.5, 7.5)

[node name="MeshWall37" parent="LevelGeometry" instance=ExtResource("3_l1uqq")]
transform = Transform3D(1, 0, 0, 0, 1, 0, 0, 0, 1, -0.5, 1.5, 7.5)

[node name="MeshWall16" parent="LevelGeometry" instance=ExtResource("3_l1uqq")]
transform = Transform3D(1, 0, 0, 0, 1, 0, 0, 0, 1, -3.5, 0.5, 4.5)

[node name="MeshWall17" parent="LevelGeometry" instance=ExtResource("3_l1uqq")]
transform = Transform3D(1, 0, 0, 0, 1, 0, 0, 0, 1, -3.5, 1.5, 4.5)

[node name="MeshWall18" parent="LevelGeometry" instance=ExtResource("3_l1uqq")]
transform = Transform3D(1, 0, 0, 0, 1, 0, 0, 0, 1, -2.5, 0.5, 4.5)

[node name="MeshWall19" parent="LevelGeometry" instance=ExtResource("3_l1uqq")]
transform = Transform3D(1, 0, 0, 0, 1, 0, 0, 0, 1, -2.5, 1.5, 4.5)

[node name="MeshWall20" parent="LevelGeometry" instance=ExtResource("3_l1uqq")]
transform = Transform3D(1, 0, 0, 0, 1, 0, 0, 0, 1, -1.5, 0.5, 4.5)

[node name="MeshWall21" parent="LevelGeometry" instance=ExtResource("3_l1uqq")]
transform = Transform3D(1, 0, 0, 0, 1, 0, 0, 0, 1, -1.5, 1.5, 4.5)

[node name="MeshWall22" parent="LevelGeometry" instance=ExtResource("3_l1uqq")]
transform = Transform3D(1, 0, 0, 0, 1, 0, 0, 0, 1, -0.5, 0.5, 4.5)

[node name="MeshWall23" parent="LevelGeometry" instance=ExtResource("3_l1uqq")]
transform = Transform3D(1, 0, 0, 0, 1, 0, 0, 0, 1, -0.5, 1.5, 4.5)

[node name="MeshWall38" parent="LevelGeometry" instance=ExtResource("3_l1uqq")]
transform = Transform3D(1, 0, 0, 0, 1, 0, 0, 0, 1, -4.5, 2.5, 4.5)

[node name="MeshWall39" parent="LevelGeometry" instance=ExtResource("3_l1uqq")]
transform = Transform3D(1, 0, 0, 0, 1, 0, 0, 0, 1, -4.5, 2.5, 5.5)

[node name="MeshWall40" parent="LevelGeometry" instance=ExtResource("3_l1uqq")]
transform = Transform3D(1, 0, 0, 0, 1, 0, 0, 0, 1, -4.5, 2.5, 6.5)

[node name="MeshWall41" parent="LevelGeometry" instance=ExtResource("3_l1uqq")]
transform = Transform3D(0.999995, -0.00171551, -0.00254293, 0.00171914, 0.999997, 0.00143138, 0.00254047, -0.00143573, 0.999996, -4.49999, 2.49656, 7.49492)

[node name="MeshWall42" parent="LevelGeometry" instance=ExtResource("3_l1uqq")]
transform = Transform3D(0.999995, -0.00171551, -0.00254293, 0.00171914, 0.999997, 0.00143138, 0.00254047, -0.00143573, 0.999996, -3.5, 2.49828, 7.49746)

[node name="MeshWall43" parent="LevelGeometry" instance=ExtResource("3_l1uqq")]
transform = Transform3D(0.999995, -0.00171551, -0.00254293, 0.00171914, 0.999997, 0.00143138, 0.00254047, -0.00143573, 0.999996, -2.5, 2.5, 7.5)

[node name="MeshWall44" parent="LevelGeometry" instance=ExtResource("3_l1uqq")]
transform = Transform3D(0.999995, -0.00171551, -0.00254293, 0.00171914, 0.999997, 0.00143138, 0.00254047, -0.00143573, 0.999996, -1.5, 2.50172, 7.50254)

[node name="MeshWall45" parent="LevelGeometry" instance=ExtResource("3_l1uqq")]
transform = Transform3D(0.999995, -0.00171551, -0.00254293, 0.00171914, 0.999997, 0.00143138, 0.00254047, -0.00143573, 0.999996, -0.500009, 2.50344, 7.50508)

[node name="MeshWall50" parent="LevelGeometry" instance=ExtResource("3_l1uqq")]
transform = Transform3D(0.999995, -0.00171551, -0.00254293, 0.00171914, 0.999997, 0.00143138, 0.00254047, -0.00143573, 0.999996, -3.5, 2.49828, 6.49746)

[node name="MeshWall51" parent="LevelGeometry" instance=ExtResource("3_l1uqq")]
transform = Transform3D(0.999995, -0.00171551, -0.00254293, 0.00171914, 0.999997, 0.00143138, 0.00254047, -0.00143573, 0.999996, -2.5, 2.5, 6.5)

[node name="MeshWall52" parent="LevelGeometry" instance=ExtResource("3_l1uqq")]
transform = Transform3D(0.999995, -0.00171551, -0.00254293, 0.00171914, 0.999997, 0.00143138, 0.00254047, -0.00143573, 0.999996, -1.5, 2.50172, 6.50254)

[node name="MeshWall53" parent="LevelGeometry" instance=ExtResource("3_l1uqq")]
transform = Transform3D(0.999995, -0.00171551, -0.00254293, 0.00171914, 0.999997, 0.00143138, 0.00254047, -0.00143573, 0.999996, -0.500009, 2.50344, 6.50508)

[node name="MeshWall54" parent="LevelGeometry" instance=ExtResource("3_l1uqq")]
transform = Transform3D(0.999995, -0.00171551, -0.00254293, 0.00171914, 0.999997, 0.00143138, 0.00254047, -0.00143573, 0.999996, -3.5, 2.49828, 5.49746)

[node name="MeshWall55" parent="LevelGeometry" instance=ExtResource("3_l1uqq")]
transform = Transform3D(0.999995, -0.00171551, -0.00254293, 0.00171914, 0.999997, 0.00143138, 0.00254047, -0.00143573, 0.999996, -2.5, 2.5, 5.5)

[node name="MeshWall56" parent="LevelGeometry" instance=ExtResource("3_l1uqq")]
transform = Transform3D(0.999995, -0.00171551, -0.00254293, 0.00171914, 0.999997, 0.00143138, 0.00254047, -0.00143573, 0.999996, -1.5, 2.50172, 5.50254)

[node name="MeshWall57" parent="LevelGeometry" instance=ExtResource("3_l1uqq")]
transform = Transform3D(0.999995, -0.00171551, -0.00254293, 0.00171914, 0.999997, 0.00143138, 0.00254047, -0.00143573, 0.999996, -0.500009, 2.50344, 5.50508)

[node name="MeshWall46" parent="LevelGeometry" instance=ExtResource("3_l1uqq")]
transform = Transform3D(1, 0, 0, 0, 1, 0, 0, 0, 1, -3.5, 2.5, 4.5)

[node name="MeshWall47" parent="LevelGeometry" instance=ExtResource("3_l1uqq")]
transform = Transform3D(1, 0, 0, 0, 1, 0, 0, 0, 1, -2.5, 2.5, 4.5)

[node name="MeshWall48" parent="LevelGeometry" instance=ExtResource("3_l1uqq")]
transform = Transform3D(1, 0, 0, 0, 1, 0, 0, 0, 1, -1.5, 2.5, 4.5)

[node name="MeshWall49" parent="LevelGeometry" instance=ExtResource("3_l1uqq")]
transform = Transform3D(0.9, 0, 0, 0, -0.707107, 0.707107, 0, -0.707107, -0.707107, -4.5, 2, 4)

[node name="MeshWall14" parent="LevelGeometry" instance=ExtResource("3_l1uqq")]
transform = Transform3D(1, 0, 0, 0, 1, 0, 0, 0, 1, -4.5, 1.5, 3.5)

[node name="MeshWall15" parent="LevelGeometry" instance=ExtResource("3_l1uqq")]
transform = Transform3D(1, 0, 0, 0, 1, 0, 0, 0, 1, -4.5, 1.5, 2.5)

[node name="MeshWall4" parent="LevelGeometry" instance=ExtResource("3_l1uqq")]
transform = Transform3D(1, 0, 0, 0, 1, 0, 0, 0, 1, -2, 1.5, -2.5)

[node name="MeshWall6" parent="LevelGeometry" instance=ExtResource("3_l1uqq")]
transform = Transform3D(1, 0, 0, 0, 1, 0, 0, 0, 1, -1, 1.5, -2.5)

[node name="MeshWall5" parent="LevelGeometry" instance=ExtResource("3_l1uqq")]
transform = Transform3D(1, 0, 0, 0, 1, 0, 0, 0, 1, -2, 2.5, -2.5)

[node name="MeshWall2" parent="LevelGeometry" instance=ExtResource("3_l1uqq")]
transform = Transform3D(1, 0, 0, 0, 1, 0, 0, 0, 1, -1, 0.5, -2.5)

[node name="MeshWall3" parent="LevelGeometry" instance=ExtResource("3_l1uqq")]
transform = Transform3D(1, 0, 0, 0, 1, 0, 0, 0, 1, 0, 0.5, -2.5)

[node name="PlayerStart" parent="." instance=ExtResource("5_hst73")]
transform = Transform3D(-0.824087, 0, 0.566464, 0, 1, 0, -0.566464, 0, -0.824087, 4.78402, 0, 0)
